   1.0000000e+00   1.0000000e+00   4.6540000e+03
   2.0000000e+00   1.0000000e+00   4.6550000e+03
   3.0000000e+00   1.0000000e+00   4.6770000e+03
   4.0000000e+00   1.0000000e+00   4.6850000e+03
   5.0000000e+00   1.0000000e+00   4.6860000e+03
   6.0000000e+00   1.0000000e+00   6.3030000e+03
   7.0000000e+00   1.0000000e+00   6.3040000e+03
   8.0000000e+00   1.0000000e+00   6.7340000e+03
   9.0000000e+00   1.0000000e+00   6.7350000e+03
   1.0000000e+01   1.0000000e+00   6.7400000e+03
   1.1000000e+01   1.0000000e+00   6.7410000e+03
   1.2000000e+01   1.0000000e+00   6.7420000e+03
   1.3000000e+01   1.0000000e+00   6.7430000e+03
   1.4000000e+01   1.0000000e+00   6.7500000e+03
   1.5000000e+01   1.0000000e+00   6.7510000e+03
   1.6000000e+01   1.0000000e+00   6.8430000e+03
   1.7000000e+01   1.0000000e+00   6.8440000e+03
   1.8000000e+01   1.0000000e+00   7.1700000e+03
   1.9000000e+01   1.0000000e+00   7.1710000e+03
   2.0000000e+01   1.0000000e+00   7.1720000e+03
   2.1000000e+01   1.0000000e+00   7.1730000e+03
