   1.0000000e+00   1.0000000e+00   9.7000000e+02
   2.0000000e+00   1.0000000e+00   9.7100000e+02
   3.0000000e+00   1.0000000e+00   9.7200000e+02
   4.0000000e+00   1.0000000e+00   9.7300000e+02
   5.0000000e+00   1.0000000e+00   3.7890000e+03
   6.0000000e+00   1.0000000e+00   3.7900000e+03
   7.0000000e+00   1.0000000e+00   3.7930000e+03
   8.0000000e+00   1.0000000e+00   3.7940000e+03
   9.0000000e+00   1.0000000e+00   3.7950000e+03
   1.0000000e+01   1.0000000e+00   4.6690000e+03
   1.1000000e+01   1.0000000e+00   4.6700000e+03
   1.2000000e+01   1.0000000e+00   5.3970000e+03
   1.3000000e+01   1.0000000e+00   5.4000000e+03
   1.4000000e+01   1.0000000e+00   5.4010000e+03
   1.5000000e+01   1.0000000e+00   5.4040000e+03
   1.6000000e+01   1.0000000e+00   5.4050000e+03
   1.7000000e+01   1.0000000e+00   6.5320000e+03
   1.8000000e+01   1.0000000e+00   6.5330000e+03
   1.9000000e+01   1.0000000e+00   6.5340000e+03
   2.0000000e+01   1.0000000e+00   6.5350000e+03
   2.1000000e+01   1.0000000e+00   6.5440000e+03
   2.2000000e+01   1.0000000e+00   6.5450000e+03
   2.3000000e+01   1.0000000e+00   6.7450000e+03
   2.4000000e+01   1.0000000e+00   6.7460000e+03
   2.5000000e+01   1.0000000e+00   6.8270000e+03
   2.6000000e+01   1.0000000e+00   6.8280000e+03
   2.7000000e+01   1.0000000e+00   7.1150000e+03
   2.8000000e+01   1.0000000e+00   7.1900000e+03
   2.9000000e+01   1.0000000e+00   7.1910000e+03
   3.0000000e+01   1.0000000e+00   7.1920000e+03
   3.1000000e+01   1.0000000e+00   7.1930000e+03
   3.2000000e+01   1.0000000e+00   7.1980000e+03
   3.3000000e+01   1.0000000e+00   7.1990000e+03
   3.4000000e+01   1.0000000e+00   7.2000000e+03
   3.5000000e+01   1.0000000e+00   7.2010000e+03
