   1.0000000e+00   1.0000000e+00   5.7900000e+02
   2.0000000e+00   1.0000000e+00   8.3700000e+02
   3.0000000e+00   1.0000000e+00   8.3800000e+02
   4.0000000e+00   1.0000000e+00   8.3900000e+02
   5.0000000e+00   1.0000000e+00   8.4000000e+02
   6.0000000e+00   1.0000000e+00   8.4100000e+02
   7.0000000e+00   1.0000000e+00   8.4200000e+02
   8.0000000e+00   1.0000000e+00   8.4300000e+02
   9.0000000e+00   1.0000000e+00   8.4400000e+02
   1.0000000e+01   1.0000000e+00   8.4500000e+02
   1.1000000e+01   1.0000000e+00   8.4600000e+02
   1.2000000e+01   1.0000000e+00   8.4700000e+02
   1.3000000e+01   1.0000000e+00   8.4800000e+02
   1.4000000e+01   1.0000000e+00   8.4900000e+02
   1.5000000e+01   1.0000000e+00   8.5000000e+02
   1.6000000e+01   1.0000000e+00   8.5100000e+02
   1.7000000e+01   1.0000000e+00   8.5200000e+02
   1.8000000e+01   1.0000000e+00   1.8090000e+03
   1.9000000e+01   1.0000000e+00   1.9830000e+03
   2.0000000e+01   1.0000000e+00   1.9840000e+03
   2.1000000e+01   1.0000000e+00   2.6340000e+03
   2.2000000e+01   1.0000000e+00   2.6380000e+03
   2.3000000e+01   1.0000000e+00   2.6410000e+03
   2.4000000e+01   1.0000000e+00   2.6420000e+03
   2.5000000e+01   1.0000000e+00   2.6450000e+03
   2.6000000e+01   1.0000000e+00   2.6460000e+03
   2.7000000e+01   1.0000000e+00   2.7490000e+03
   2.8000000e+01   1.0000000e+00   3.0210000e+03
   2.9000000e+01   1.0000000e+00   3.0220000e+03
   3.0000000e+01   1.0000000e+00   3.0230000e+03
   3.1000000e+01   1.0000000e+00   3.0240000e+03
   3.2000000e+01   1.0000000e+00   4.0850000e+03
   3.3000000e+01   1.0000000e+00   4.1980000e+03
   3.4000000e+01   1.0000000e+00   4.1990000e+03
   3.5000000e+01   1.0000000e+00   4.2000000e+03
   3.6000000e+01   1.0000000e+00   4.6010000e+03
   3.7000000e+01   1.0000000e+00   4.6640000e+03
   3.8000000e+01   1.0000000e+00   4.7090000e+03
   3.9000000e+01   1.0000000e+00   4.7100000e+03
   4.0000000e+01   1.0000000e+00   5.0670000e+03
   4.1000000e+01   1.0000000e+00   5.7650000e+03
   4.2000000e+01   1.0000000e+00   5.7660000e+03
   4.3000000e+01   1.0000000e+00   5.7690000e+03
   4.4000000e+01   1.0000000e+00   5.7700000e+03
   4.5000000e+01   1.0000000e+00   5.7710000e+03
   4.6000000e+01   1.0000000e+00   6.4630000e+03
   4.7000000e+01   1.0000000e+00   6.4640000e+03
   4.8000000e+01   1.0000000e+00   6.4650000e+03
   4.9000000e+01   1.0000000e+00   6.4660000e+03
   5.0000000e+01   1.0000000e+00   6.4670000e+03
   5.1000000e+01   1.0000000e+00   6.4680000e+03
   5.2000000e+01   1.0000000e+00   6.4690000e+03
   5.3000000e+01   1.0000000e+00   6.7160000e+03
   5.4000000e+01   1.0000000e+00   6.7170000e+03
   5.5000000e+01   1.0000000e+00   6.7470000e+03
   5.6000000e+01   1.0000000e+00   6.8100000e+03
   5.7000000e+01   1.0000000e+00   6.8110000e+03
   5.8000000e+01   1.0000000e+00   6.8220000e+03
   5.9000000e+01   1.0000000e+00   7.1160000e+03
   6.0000000e+01   1.0000000e+00   7.1170000e+03
   6.1000000e+01   1.0000000e+00   7.1860000e+03
   6.2000000e+01   1.0000000e+00   7.1870000e+03
   6.3000000e+01   1.0000000e+00   7.1880000e+03
   6.4000000e+01   1.0000000e+00   7.1890000e+03
