   1.0000000e+00   1.0000000e+00   5.9600000e+02
   2.0000000e+00   1.0000000e+00   5.9700000e+02
   3.0000000e+00   1.0000000e+00   1.2250000e+03
   4.0000000e+00   1.0000000e+00   1.8050000e+03
   5.0000000e+00   1.0000000e+00   1.8070000e+03
   6.0000000e+00   1.0000000e+00   1.8080000e+03
   7.0000000e+00   1.0000000e+00   2.1460000e+03
   8.0000000e+00   1.0000000e+00   2.1470000e+03
   9.0000000e+00   1.0000000e+00   2.1480000e+03
   1.0000000e+01   1.0000000e+00   2.1490000e+03
   1.1000000e+01   1.0000000e+00   2.1500000e+03
   1.2000000e+01   1.0000000e+00   2.1510000e+03
   1.3000000e+01   1.0000000e+00   2.1520000e+03
   1.4000000e+01   1.0000000e+00   2.1530000e+03
   1.5000000e+01   1.0000000e+00   2.1540000e+03
   1.6000000e+01   1.0000000e+00   2.1550000e+03
   1.7000000e+01   1.0000000e+00   2.2770000e+03
   1.8000000e+01   1.0000000e+00   2.2780000e+03
   1.9000000e+01   1.0000000e+00   2.6280000e+03
   2.0000000e+01   1.0000000e+00   2.6290000e+03
   2.1000000e+01   1.0000000e+00   3.9640000e+03
   2.2000000e+01   1.0000000e+00   4.6620000e+03
   2.3000000e+01   1.0000000e+00   4.6630000e+03
   2.4000000e+01   1.0000000e+00   4.6730000e+03
   2.5000000e+01   1.0000000e+00   4.6740000e+03
   2.6000000e+01   1.0000000e+00   4.6810000e+03
   2.7000000e+01   1.0000000e+00   4.6820000e+03
   2.8000000e+01   1.0000000e+00   4.8570000e+03
   2.9000000e+01   1.0000000e+00   4.8580000e+03
   3.0000000e+01   1.0000000e+00   4.8590000e+03
   3.1000000e+01   1.0000000e+00   4.8600000e+03
   3.2000000e+01   1.0000000e+00   4.8610000e+03
   3.3000000e+01   1.0000000e+00   4.8620000e+03
   3.4000000e+01   1.0000000e+00   4.8630000e+03
   3.5000000e+01   1.0000000e+00   4.8640000e+03
   3.6000000e+01   1.0000000e+00   4.8650000e+03
   3.7000000e+01   1.0000000e+00   4.8660000e+03
   3.8000000e+01   1.0000000e+00   4.8970000e+03
   3.9000000e+01   1.0000000e+00   4.8980000e+03
   4.0000000e+01   1.0000000e+00   5.0690000e+03
   4.1000000e+01   1.0000000e+00   5.1090000e+03
   4.2000000e+01   1.0000000e+00   5.1100000e+03
   4.3000000e+01   1.0000000e+00   5.1110000e+03
   4.4000000e+01   1.0000000e+00   5.1120000e+03
   4.5000000e+01   1.0000000e+00   5.1130000e+03
   4.6000000e+01   1.0000000e+00   5.1140000e+03
   4.7000000e+01   1.0000000e+00   5.1150000e+03
   4.8000000e+01   1.0000000e+00   5.2710000e+03
   4.9000000e+01   1.0000000e+00   6.2210000e+03
   5.0000000e+01   1.0000000e+00   6.2220000e+03
   5.1000000e+01   1.0000000e+00   6.7380000e+03
   5.2000000e+01   1.0000000e+00   6.7390000e+03
   5.3000000e+01   1.0000000e+00   6.7940000e+03
   5.4000000e+01   1.0000000e+00   6.7950000e+03
   5.5000000e+01   1.0000000e+00   6.7960000e+03
   5.6000000e+01   1.0000000e+00   6.7970000e+03
   5.7000000e+01   1.0000000e+00   6.8080000e+03
   5.8000000e+01   1.0000000e+00   6.8090000e+03
   5.9000000e+01   1.0000000e+00   6.8230000e+03
   6.0000000e+01   1.0000000e+00   6.8240000e+03
   6.1000000e+01   1.0000000e+00   6.8250000e+03
   6.2000000e+01   1.0000000e+00   6.8260000e+03
   6.3000000e+01   1.0000000e+00   6.8870000e+03
   6.4000000e+01   1.0000000e+00   6.8880000e+03
   6.5000000e+01   1.0000000e+00   7.1780000e+03
   6.6000000e+01   1.0000000e+00   7.1790000e+03
   6.7000000e+01   1.0000000e+00   7.1800000e+03
   6.8000000e+01   1.0000000e+00   7.1810000e+03
   6.9000000e+01   1.0000000e+00   7.1820000e+03
   7.0000000e+01   1.0000000e+00   7.1830000e+03
   7.1000000e+01   1.0000000e+00   7.1840000e+03
   7.2000000e+01   1.0000000e+00   7.1850000e+03
   7.3000000e+01   1.0000000e+00   7.2870000e+03
   7.4000000e+01   1.0000000e+00   7.2880000e+03
