   1.0000000e+00   1.0000000e+00   4.3300000e+02
   2.0000000e+00   1.0000000e+00   4.3400000e+02
   3.0000000e+00   1.0000000e+00   1.1260000e+03
   4.0000000e+00   1.0000000e+00   1.1280000e+03
   5.0000000e+00   1.0000000e+00   3.9630000e+03
   6.0000000e+00   1.0000000e+00   4.6580000e+03
   7.0000000e+00   1.0000000e+00   4.6590000e+03
   8.0000000e+00   1.0000000e+00   5.0900000e+03
   9.0000000e+00   1.0000000e+00   5.0910000e+03
   1.0000000e+01   1.0000000e+00   5.0930000e+03
   1.1000000e+01   1.0000000e+00   5.0940000e+03
   1.2000000e+01   1.0000000e+00   5.6640000e+03
   1.3000000e+01   1.0000000e+00   5.8350000e+03
   1.4000000e+01   1.0000000e+00   6.7360000e+03
   1.5000000e+01   1.0000000e+00   6.7370000e+03
   1.6000000e+01   1.0000000e+00   6.8730000e+03
   1.7000000e+01   1.0000000e+00   6.8740000e+03
   1.8000000e+01   1.0000000e+00   6.8750000e+03
   1.9000000e+01   1.0000000e+00   6.8760000e+03
   2.0000000e+01   1.0000000e+00   6.8770000e+03
   2.1000000e+01   1.0000000e+00   6.8780000e+03
   2.2000000e+01   1.0000000e+00   6.8790000e+03
   2.3000000e+01   1.0000000e+00   6.8800000e+03
